8.585762023925781250e+00 1.058227252960205078e+01
9.233160972595214844e+00 8.538598060607910156e+00
7.083857536315917969e+00 9.750729560852050781e+00
7.251046657562255859e+00 1.270127582550048828e+01
1.356395339965820312e+01 6.601298332214355469e+00
1.150069999694824219e+01 8.346738815307617188e+00
8.816534996032714844e+00 1.310715961456298828e+01
2.852432727813720703e+00 3.045551538467407227e+00
2.242620706558227539e+00 1.199143791198730469e+01
1.133788108825683594e+01 1.244014549255371094e+01
1.374341964721679688e+01 1.158990287780761719e+01
7.537752151489257812e+00 1.136635017395019531e+01
3.419293165206909180e+00 9.679052352905273438e+00
3.720239400863647461e+00 1.333602714538574219e+01
8.262180328369140625e+00 6.975943088531494141e+00
5.174667358398437500e+00 1.129080390930175781e+01
7.473803997039794922e+00 8.821207046508789062e+00
2.225477695465087891e+00 9.411625862121582031e+00
9.345149040222167969e+00 9.403207778930664062e+00
1.332497692108154297e+01 1.018184375762939453e+01
6.314095020294189453e+00 7.244383335113525391e+00
1.037157440185546875e+01 2.722705602645874023e+00
1.000120067596435547e+01 1.004765415191650391e+01
4.524590969085693359e+00 3.547115564346313477e+00
5.785140037536621094e+00 6.364529132843017578e+00
8.842361450195312500e+00 7.263217926025390625e+00
1.386048603057861328e+01 3.224537611007690430e+00
4.506521224975585938e+00 3.935714244842529297e+00
9.837300300598144531e+00 5.039499282836914062e+00
7.595729351043701172e+00 4.933106899261474609e+00
3.907634973526000977e+00 3.324501752853393555e+00
9.875954627990722656e+00 3.658195495605468750e+00
4.358988285064697266e+00 6.424702167510986328e+00
1.185191917419433594e+01 3.165215253829956055e+00
1.205533885955810547e+01 3.153180837631225586e+00
1.371751403808593750e+01 7.623814582824707031e+00
1.372113323211669922e+01 9.258146286010742188e+00
1.087116336822509766e+01 2.470253467559814453e+00
5.393683433532714844e+00 3.442358732223510742e+00
5.553682327270507812e+00 3.424732685089111328e+00
5.815798282623291016e+00 6.971156120300292969e+00
2.769769906997680664e+00 1.030966567993164062e+01
8.799217224121093750e+00 5.184673786163330078e+00
8.278976440429687500e+00 3.127286195755004883e+00
8.911357879638671875e+00 1.315155410766601562e+01
5.822827339172363281e+00 1.000892448425292969e+01
3.581574440002441406e+00 1.059592628479003906e+01
5.472873210906982422e+00 4.198296546936035156e+00
9.038155555725097656e+00 2.241290569305419922e+00
1.194727993011474609e+01 2.056345701217651367e+00
1.013379859924316406e+01 5.240095615386962891e+00
1.082232856750488281e+01 1.354626274108886719e+01
4.985037803649902344e+00 8.913887977600097656e+00
9.104503631591796875e+00 8.867022514343261719e+00
4.676979541778564453e+00 1.343298816680908203e+01
7.365504741668701172e+00 1.215690422058105469e+01
1.039375114440917969e+01 5.569243431091308594e+00
1.176557350158691406e+01 6.758069038391113281e+00
1.257323837280273438e+01 8.975274085998535156e+00
1.258082389831542969e+01 1.031037902832031250e+01
1.070305156707763672e+01 8.015892982482910156e+00
1.347300338745117188e+01 9.727882385253906250e+00
7.086260795593261719e+00 9.276718139648437500e+00
2.230318307876586914e+00 5.618897914886474609e+00
9.922082901000976562e+00 5.480931282043457031e+00
9.416185379028320312e+00 7.145224571228027344e+00
3.625688791275024414e+00 5.579388141632080078e+00
8.839578628540039062e+00 9.090473175048828125e+00
8.891902923583984375e+00 9.838409423828125000e+00
9.825239181518554688e+00 7.177021026611328125e+00
1.275855922698974609e+01 6.410742282867431641e+00
7.230379104614257812e+00 1.270308017730712891e+01
1.167432785034179688e+01 1.044666290283203125e+01
3.202722549438476562e+00 1.303379154205322266e+01
1.057089519500732422e+01 1.398616409301757812e+01
3.793379545211791992e+00 1.241751289367675781e+01
3.949915170669555664e+00 9.386714935302734375e+00
3.485839843750000000e+00 1.217609882354736328e+01
1.168782711029052734e+01 8.829209327697753906e+00
6.886199474334716797e+00 2.830003976821899414e+00
1.036914539337158203e+01 7.442512035369873047e+00
1.066466712951660156e+01 1.239658832550048828e+01
1.370625782012939453e+01 1.226963996887207031e+01
2.140568971633911133e+00 6.319736957550048828e+00
1.075988674163818359e+01 4.059556007385253906e+00
8.252439498901367188e+00 2.652055978775024414e+00
4.399958133697509766e+00 2.222261428833007812e+00
1.152437210083007812e+01 4.687096118927001953e+00
6.144220352172851562e+00 1.313697528839111328e+01
1.045297241210937500e+01 2.382067203521728516e+00
3.976329803466796875e+00 9.457740783691406250e+00
8.926743507385253906e+00 4.854713916778564453e+00
1.321056842803955078e+01 9.367591857910156250e+00
8.427593231201171875e+00 9.078919410705566406e+00
1.076146411895751953e+01 5.743340015411376953e+00
6.778652667999267578e+00 4.518125057220458984e+00
4.234315872192382812e+00 1.333246898651123047e+01
1.087460994720458984e+01 7.885505676269531250e+00
4.728975772857666016e+00 5.052277565002441406e+00
2.696349859237670898e+00 7.212999343872070312e+00
5.741550445556640625e+00 1.035612201690673828e+01
6.533021926879882812e+00 4.155244350433349609e+00
2.296144723892211914e+00 2.806995630264282227e+00
1.015271282196044922e+01 7.444362163543701172e+00
8.438950538635253906e+00 1.276005554199218750e+01
1.388406753540039062e+01 4.602763652801513672e+00
9.956938743591308594e+00 5.159868717193603516e+00
2.247812032699584961e+00 1.110054397583007812e+01
5.840205669403076172e+00 6.601566791534423828e+00
9.059804916381835938e+00 1.197258186340332031e+01
9.547781944274902344e+00 1.247180747985839844e+01
5.282504558563232422e+00 1.157656192779541016e+01
4.227631568908691406e+00 1.343350028991699219e+01
1.024985885620117188e+01 4.586091995239257812e+00
1.336844730377197266e+01 1.077026939392089844e+01
5.047299861907958984e+00 4.559743881225585938e+00
8.218408584594726562e+00 2.307952642440795898e+00
4.489640712738037109e+00 7.096225738525390625e+00
6.490039825439453125e+00 7.562905311584472656e+00
5.331544399261474609e+00 9.041412353515625000e+00
1.236626720428466797e+01 3.410382270812988281e+00
8.208549499511718750e+00 3.584817171096801758e+00
1.060231590270996094e+01 6.752716541290283203e+00
8.785056114196777344e+00 4.199357986450195312e+00
3.738173007965087891e+00 7.856675148010253906e+00
6.267353057861328125e+00 1.328518295288085938e+01
1.118390274047851562e+01 1.098396301269531250e+01
1.284463691711425781e+01 3.001069307327270508e+00
8.626309394836425781e+00 9.013712882995605469e+00
1.354323673248291016e+01 5.505770206451416016e+00
4.889945507049560547e+00 3.203527212142944336e+00
2.197155475616455078e+00 1.315435218811035156e+01
1.003899860382080078e+01 1.142183494567871094e+01
5.380761146545410156e+00 9.036922454833984375e+00
2.767463207244873047e+00 7.827531337738037109e+00
1.372994136810302734e+01 1.251806259155273438e+01
6.057907581329345703e+00 1.353884220123291016e+01
4.780419349670410156e+00 1.339182567596435547e+01
1.329653263092041016e+01 1.159043121337890625e+01
9.565375328063964844e+00 1.249145603179931641e+01
5.516243457794189453e+00 1.218732261657714844e+01
9.414520263671875000e+00 2.158842325210571289e+00
6.166802406311035156e+00 3.777690410614013672e+00
1.378195285797119141e+01 7.740443706512451172e+00
7.968696594238281250e+00 9.673669815063476562e+00
6.423015117645263672e+00 3.642803192138671875e+00
1.186541271209716797e+01 4.278174877166748047e+00
8.135828018188476562e+00 4.691804409027099609e+00
3.174133777618408203e+00 1.234629821777343750e+01
1.367503356933593750e+01 1.353001594543457031e+01
1.287866592407226562e+01 1.128856754302978516e+01
5.997741699218750000e+00 2.973216772079467773e+00
6.886894226074218750e+00 4.786809921264648438e+00
3.589851617813110352e+00 2.641126155853271484e+00
1.070713233947753906e+01 2.137129545211791992e+00
1.124696922302246094e+01 3.763359785079956055e+00
2.954264879226684570e+00 3.075236320495605469e+00
1.006457328796386719e+01 4.944406509399414062e+00
7.046473503112792969e+00 8.688425064086914062e+00
1.232661437988281250e+01 1.072453117370605469e+01
5.243934631347656250e+00 3.577793598175048828e+00
2.664491891860961914e+00 5.619183540344238281e+00
5.145417690277099609e+00 7.473686695098876953e+00
1.019937610626220703e+01 1.034750556945800781e+01
5.402225971221923828e+00 6.559123516082763672e+00
4.173811435699462891e+00 1.146254634857177734e+01
2.682176828384399414e+00 1.036396694183349609e+01
1.134434509277343750e+01 1.132889080047607422e+01
5.113070964813232422e+00 6.485757827758789062e+00
9.051196098327636719e+00 5.273862838745117188e+00
6.450233459472656250e+00 4.364651203155517578e+00
7.518270492553710938e+00 2.535347700119018555e+00
1.159755039215087891e+01 2.923477411270141602e+00
8.226021766662597656e+00 5.681721210479736328e+00
8.930515289306640625e+00 1.351319980621337891e+01
9.746843338012695312e+00 2.424349308013916016e+00
7.164829254150390625e+00 8.120202064514160156e+00
8.434129714965820312e+00 1.017671012878417969e+01
5.331153392791748047e+00 3.546326875686645508e+00
6.712108135223388672e+00 1.347686862945556641e+01
4.245570659637451172e+00 1.284780788421630859e+01
8.525671005249023438e+00 7.482936859130859375e+00
1.258449649810791016e+01 7.503247737884521484e+00
1.069001197814941406e+01 6.788303852081298828e+00
1.284853267669677734e+01 1.028030014038085938e+01
1.039546489715576172e+01 5.932644844055175781e+00
1.108134365081787109e+01 9.632732391357421875e+00
4.880243301391601562e+00 3.926465988159179688e+00
1.155669784545898438e+01 1.350999927520751953e+01
7.497665882110595703e+00 9.091810226440429688e+00
1.229267215728759766e+01 7.486681461334228516e+00
1.342249393463134766e+01 8.909013748168945312e+00
1.184920501708984375e+01 1.290612506866455078e+01
1.178628540039062500e+01 3.912973642349243164e+00
9.546781539916992188e+00 6.781210899353027344e+00
2.752555370330810547e+00 7.088387012481689453e+00
5.104208946228027344e+00 1.218845939636230469e+01
2.399655580520629883e+00 1.350779247283935547e+01
6.264426231384277344e+00 6.280482769012451172e+00
2.195941925048828125e+00 4.222787857055664062e+00
