8.585762023925781250e+00 1.058227252960205078e+01
9.233160972595214844e+00 8.538598060607910156e+00
7.083857536315917969e+00 9.750729560852050781e+00
7.251046657562255859e+00 1.270127582550048828e+01
1.356395339965820312e+01 6.601298332214355469e+00
1.150069999694824219e+01 8.346738815307617188e+00
8.816534996032714844e+00 1.310715961456298828e+01
2.852432727813720703e+00 3.045551538467407227e+00
2.242620706558227539e+00 1.199143791198730469e+01
1.133788108825683594e+01 1.244014549255371094e+01
1.374341964721679688e+01 1.158990287780761719e+01
7.537752151489257812e+00 1.136635017395019531e+01
3.419293165206909180e+00 9.679052352905273438e+00
3.720239400863647461e+00 1.333602714538574219e+01
8.262180328369140625e+00 6.975943088531494141e+00
5.174667358398437500e+00 1.129080390930175781e+01
7.473803997039794922e+00 8.821207046508789062e+00
2.225477695465087891e+00 9.411625862121582031e+00
9.345149040222167969e+00 9.403207778930664062e+00
1.332497692108154297e+01 1.018184375762939453e+01
6.314095020294189453e+00 7.244383335113525391e+00
1.037157440185546875e+01 2.722705602645874023e+00
1.000120067596435547e+01 1.004765415191650391e+01
4.524590969085693359e+00 3.547115564346313477e+00
5.785140037536621094e+00 6.364529132843017578e+00
8.842361450195312500e+00 7.263217926025390625e+00
1.386048603057861328e+01 3.224537611007690430e+00
4.506521224975585938e+00 3.935714244842529297e+00
9.837300300598144531e+00 5.039499282836914062e+00
7.595729351043701172e+00 4.933106899261474609e+00
3.907634973526000977e+00 3.324501752853393555e+00
9.875954627990722656e+00 3.658195495605468750e+00
4.358988285064697266e+00 6.424702167510986328e+00
1.185191917419433594e+01 3.165215253829956055e+00
1.205533885955810547e+01 3.153180837631225586e+00
1.371751403808593750e+01 7.623814582824707031e+00
1.372113323211669922e+01 9.258146286010742188e+00
1.087116336822509766e+01 2.470253467559814453e+00
5.393683433532714844e+00 3.442358732223510742e+00
5.553682327270507812e+00 3.424732685089111328e+00
5.815798282623291016e+00 6.971156120300292969e+00
2.769769906997680664e+00 1.030966567993164062e+01
8.799217224121093750e+00 5.184673786163330078e+00
8.278976440429687500e+00 3.127286195755004883e+00
8.911357879638671875e+00 1.315155410766601562e+01
5.822827339172363281e+00 1.000892448425292969e+01
3.581574440002441406e+00 1.059592628479003906e+01
5.472873210906982422e+00 4.198296546936035156e+00
9.038155555725097656e+00 2.241290569305419922e+00
1.194727993011474609e+01 2.056345701217651367e+00
1.013379859924316406e+01 5.240095615386962891e+00
1.082232856750488281e+01 1.354626274108886719e+01
4.985037803649902344e+00 8.913887977600097656e+00
9.104503631591796875e+00 8.867022514343261719e+00
4.676979541778564453e+00 1.343298816680908203e+01
7.365504741668701172e+00 1.215690422058105469e+01
1.039375114440917969e+01 5.569243431091308594e+00
1.176557350158691406e+01 6.758069038391113281e+00
1.257323837280273438e+01 8.975274085998535156e+00
1.258082389831542969e+01 1.031037902832031250e+01
1.070305156707763672e+01 8.015892982482910156e+00
1.347300338745117188e+01 9.727882385253906250e+00
7.086260795593261719e+00 9.276718139648437500e+00
2.230318307876586914e+00 5.618897914886474609e+00
9.922082901000976562e+00 5.480931282043457031e+00
9.416185379028320312e+00 7.145224571228027344e+00
3.625688791275024414e+00 5.579388141632080078e+00
8.839578628540039062e+00 9.090473175048828125e+00
8.891902923583984375e+00 9.838409423828125000e+00
9.825239181518554688e+00 7.177021026611328125e+00
1.275855922698974609e+01 6.410742282867431641e+00
7.230379104614257812e+00 1.270308017730712891e+01
1.167432785034179688e+01 1.044666290283203125e+01
3.202722549438476562e+00 1.303379154205322266e+01
1.057089519500732422e+01 1.398616409301757812e+01
3.793379545211791992e+00 1.241751289367675781e+01
3.949915170669555664e+00 9.386714935302734375e+00
3.485839843750000000e+00 1.217609882354736328e+01
1.168782711029052734e+01 8.829209327697753906e+00
6.886199474334716797e+00 2.830003976821899414e+00
1.036914539337158203e+01 7.442512035369873047e+00
1.066466712951660156e+01 1.239658832550048828e+01
1.370625782012939453e+01 1.226963996887207031e+01
2.140568971633911133e+00 6.319736957550048828e+00
1.075988674163818359e+01 4.059556007385253906e+00
8.252439498901367188e+00 2.652055978775024414e+00
4.399958133697509766e+00 2.222261428833007812e+00
1.152437210083007812e+01 4.687096118927001953e+00
6.144220352172851562e+00 1.313697528839111328e+01
1.045297241210937500e+01 2.382067203521728516e+00
3.976329803466796875e+00 9.457740783691406250e+00
8.926743507385253906e+00 4.854713916778564453e+00
1.321056842803955078e+01 9.367591857910156250e+00
8.427593231201171875e+00 9.078919410705566406e+00
1.076146411895751953e+01 5.743340015411376953e+00
6.778652667999267578e+00 4.518125057220458984e+00
4.234315872192382812e+00 1.333246898651123047e+01
1.087460994720458984e+01 7.885505676269531250e+00
4.728975772857666016e+00 5.052277565002441406e+00
2.696349859237670898e+00 7.212999343872070312e+00
